Epoch	AverageEpRet	StdEpRet	MaxEpRet	MinEpRet	EpLen	AverageVVals	StdVVals	MaxVVals	MinVVals	TotalEnvInteracts	LossPi	LossV	DeltaLossPi	DeltaLossV	Entropy	KL	ClipFrac	StopIter	Time
0	13.191537	0.0	13.191537	13.191537	1000.0	0.6820029	1.2362882	8.186385	0.21235642	1000	3.3378602e-09	0.009969367	0.14119749	-0.008049548	-1.4309465	0.25830644	0.807	1.0	44.24904990196228
1	9.248969	0.1779264	9.489895	9.0507965	238.25	1.9428775	2.3898628	8.174003	0.32993412	2000	-8.5830685e-09	0.088949084	0.057947513	-0.082031175	-1.4310454	0.085378684	0.631	1.0	108.01476001739502
2	9.166577	0.08077904	9.287289	9.059853	226.5	1.7241492	2.4601104	8.101961	-0.120013	3000	-7.0035455e-08	0.0035207295	0.007947212	-0.0023645158	-1.4310215	0.028772306	0.277	1.0	170.89292240142822
3	9.06733	0.255142	9.458106	8.77717	222.5	1.6837773	2.468524	8.080805	-0.3924297	4000	-1.6018749e-08	0.008531592	-0.0012494399	-0.0040930477	-1.4309992	0.023861246	0.198	1.0	233.43779134750366
4	9.00527	0.17434305	9.204171	8.796479	216.0	1.7054327	2.4242792	8.014254	-0.18355367	5000	-2.7433037e-08	0.005524679	0.036456566	-0.00210497	-1.4310219	0.08163935	0.581	1.0	295.89250135421753
5	9.011985	0.3011783	9.306488	8.62051	218.25	1.6239369	2.41523	7.9327216	-0.30563203	6000	3.681332e-08	0.005625206	0.0608319	-0.002545882	-1.4310744	0.13207556	0.681	1.0	359.55826926231384
6	9.218298	0.17018542	9.49255	9.046672	231.5	1.6514517	2.4240499	8.005908	-0.2005032	7000	1.2764335e-07	0.0044300957	0.07146329	-0.0025849422	-1.4311554	0.11630341	0.693	1.0	423.2990584373474
7	8.836696	0.0	8.836696	8.836696	204.0	1.3450229	1.5191659	8.020173	-0.20402575	8000	-1.4346838e-07	0.14983046	0.06741992	-0.14638981	-1.4312156	0.1795648	0.721	1.0	466.0403175354004
8	9.003816	0.14335608	9.125814	8.764325	212.5	1.6667037	2.4805763	8.121438	-0.2529306	9000	-9.447336e-09	0.014735508	0.09234413	-0.009353701	-1.4312241	0.16777702	0.709	1.0	527.1364567279816
9	9.494811	0.3020734	9.915987	9.222331	264.66666	1.3477033	2.1855326	8.013068	-0.28582627	10000	-4.1931866e-08	0.017326104	0.07322415	-0.010485327	-1.4312674	0.111455075	0.699	1.0	584.4058272838593
10	9.279221	0.09543016	9.42805	9.173628	241.5	1.6556683	2.4129784	8.032688	-0.22271043	11000	7.31796e-08	0.0036255845	0.06975026	-0.0011061791	-1.4312838	0.13498381	0.675	1.0	647.1973168849945
11	9.441743	0.09919657	9.551985	9.311489	267.0	1.4943318	2.1557767	8.04839	-0.16794458	12000	1.2628361e-07	0.011835937	0.050536375	-0.0054543414	-1.4313065	0.043071616	0.536	1.0	703.2727293968201
12	17.03493	0.0	17.03493	17.03493	917.0	1.6281269	1.4718037	8.055883	0.1623309	13000	-1.142174e-07	0.16704048	0.037730362	-0.16218698	-1.4312798	0.0941558	0.577	1.0	748.5911908149719
13	9.377533	0.2430973	9.62063	9.134436	268.5	1.5369614	1.9733964	8.415721	-0.5064473	14000	-1.9326806e-07	0.032110512	0.022750398	-0.028928353	-1.4312044	0.040534902	0.477	1.0	810.6958808898926
14	17.578823	0.0	17.578823	17.578823	896.0	1.2528522	1.6381043	8.011125	-0.987604	15000	-3.2067298e-08	0.054030932	0.054364312	-0.052135184	-1.431189	0.072716214	0.565	1.0	852.6145679950714
15	11.877363	0.0	11.877363	11.877363	1000.0	0.6768343	1.1703953	8.090419	0.20134124	16000	-4.0620566e-08	0.006972	0.00381599	-0.0052384296	-1.4311886	0.019112876	0.322	3.0	900.4739451408386
16	9.595891	0.0	9.595891	9.595891	291.0	1.4676495	1.51579	8.171044	0.047067344	17000	3.2037497e-09	0.01667654	0.009838048	-0.0153784845	-1.4312915	0.033609923	0.348	1.0	944.339565038681
17	9.983571	0.1555767	10.139148	9.827994	330.5	1.1496968	1.9499377	8.199358	-0.35747376	18000	-1.5512109e-08	0.0130448155	0.0077068177	-0.01002526	-1.4313372	0.021481944	0.236	4.0	997.6624772548676
18	9.686184	0.39235443	10.222654	9.295219	275.66666	1.502938	2.148083	8.182563	-0.14899978	19000	2.2679567e-08	0.0112274345	-0.009601783	-0.0054359543	-1.4315585	0.0040229703	0.076	79.0	1057.564026594162
19	13.964247	0.0	13.964247	13.964247	1000.0	0.69442946	1.1973485	8.258246	0.12743518	20000	-1.15275384e-07	0.017807983	-0.010508663	-0.015659194	-1.4357154	0.0013636849	0.074	79.0	1119.8060684204102
20	12.070853	0.0	12.070853	12.070853	1000.0	0.86482704	1.1708876	8.29306	0.29813555	21000	9.036064e-08	0.07065814	-0.009551659	-0.056458462	-1.4300324	0.008466069	0.075	79.0	1190.8834910392761
21	12.497126	0.0	12.497126	12.497126	1000.0	0.6181394	1.2334374	8.259713	-0.042111427	22000	-3.6824495e-09	0.022067463	-0.0039772033	-0.01582852	-1.4323235	0.016054586	0.19	4.0	1242.3865044116974
22	12.72799	0.0	12.72799	12.72799	1000.0	0.6475907	1.2210487	8.319343	0.088743985	23000	1.0490417e-08	0.006345049	-0.015123751	-0.0034188149	-1.4327238	0.026989488	0.311	1.0	1289.446947813034
23	12.675939	0.0	12.675939	12.675939	1000.0	0.7054099	1.2212516	8.434421	0.21066219	24000	2.8312206e-08	0.013144506	0.02084376	-0.00077956077	-1.4328492	0.0656882	0.608	1.0	1345.5446808338165
24	10.024876	0.246562	10.271438	9.778314	295.0	1.4256455	1.8843607	8.240828	0.23351789	25000	3.3527613e-08	0.05111771	0.03221767	-0.025389882	-1.4329343	0.061395496	0.558	1.0	1424.3580341339111
25	10.405	0.4254056	10.992066	9.9975815	317.66666	1.5317513	2.1578786	8.25437	0.120257944	26000	-1.822412e-08	0.018637279	0.026605787	-0.0070935255	-1.4329689	0.02599978	0.433	1.0	1495.6116762161255
26	15.589737	0.0	15.589737	15.589737	696.0	1.6099021	1.5788265	8.3156395	-0.876385	27000	8.713827e-08	0.010060803	0.046658996	-0.008576472	-1.4330142	0.12123339	0.543	1.0	1539.836130142212
27	15.714565	0.0	15.714565	15.714565	706.0	1.6123832	1.6019492	8.524717	-0.43850273	28000	9.3206765e-08	0.004939396	0.022154542	-0.0042863595	-1.4330275	0.031880114	0.257	1.0	1582.3080096244812
28	16.142391	0.0	16.142391	16.142391	720.0	1.5736401	1.6269749	8.450341	-0.6379929	29000	-1.1268258e-07	0.0056383116	0.16899878	-0.0047898926	-1.433015	0.47525677	0.653	1.0	1652.2726538181305
29	16.56538	0.0	16.56538	16.56538	744.0	1.672287	1.5936844	8.462691	-0.4845089	30000	1.4424324e-07	0.0065721236	0.19372372	-0.006085255	-1.4330195	0.8014788	0.695	1.0	1706.9417142868042
30	9.160427	0.0	9.160427	9.160427	220.0	1.5107616	1.6575742	8.44202	-0.4207256	31000	3.671646e-08	0.020063933	0.2709034	-0.018282281	-1.4330497	1.3901358	0.668	1.0	1754.8852710723877
31	17.24598	0.0	17.24598	17.24598	842.0	1.6326416	1.5605177	8.306518	-0.48296845	32000	4.3213366e-09	0.026297174	0.1426988	-0.02548588	-1.4331027	1.6311638	0.733	1.0	1823.0119214057922
32	9.831886	0.56731224	10.399199	9.264574	297.5	1.510853	2.011786	8.459717	-0.37097886	33000	4.2881815e-08	0.05007173	0.030496556	-0.0378796	-1.4331692	0.18659545	0.316	1.0	1908.1472856998444
33	17.664616	0.0	17.664616	17.664616	948.0	1.5185003	1.5746918	8.073856	-0.4809648	34000	3.1232833e-08	0.05191773	0.42331973	-0.05096347	-1.4332767	2.2606468	0.82	1.0	1962.8251287937164
34	10.206148	0.25730228	10.46345	9.948846	339.0	1.4345943	1.9858605	8.471581	-0.15462479	35000	1.199767e-07	0.031948984	0.01922263	-0.027433584	-1.4333906	0.14725688	0.384	1.0	2032.3207993507385
35	19.265722	0.0	19.265722	19.265722	1000.0	1.3723016	1.1096717	8.120192	-0.20183054	36000	9.715557e-08	0.053875174	0.3401397	-0.052030314	-1.4334772	2.4514425	0.908	1.0	2070.865880012512
36	9.481267	0.02635765	9.507625	9.454909	368.5	1.6502893	1.8126197	8.270149	0.7645947	37000	2.8073787e-08	0.42080948	0.12057009	-0.3967295	-1.43355	0.11006839	0.542	1.0	2131.631031513214
37	9.157133	0.07235384	9.229487	9.08478	346.0	1.1656259	1.9801915	8.175694	-0.3266166	38000	-5.877018e-08	0.054751832	0.054539494	-0.049616188	-1.4336244	0.09789851	0.549	1.0	2185.5031855106354
38	8.693367	0.15709509	8.881434	8.496906	303.66666	1.262909	2.2497447	8.108706	-0.3278896	39000	-2.6881695e-08	0.038599364	0.012463357	-0.03431021	-1.4336522	0.02638261	0.338	2.0	2259.1753554344177
39	8.784714	0.17993064	9.016294	8.577597	309.33334	1.0772078	2.279333	7.9967675	-0.55004466	40000	-9.724498e-08	0.011669211	0.053984698	-0.006293221	-1.4336765	0.14197813	0.627	1.0	2311.9242787361145
40	8.659537	0.12551689	8.785054	8.53402	337.5	0.77906054	2.0377429	7.9358425	-0.43883505	41000	7.6562166e-08	0.010151531	0.07730108	-0.0077665015	-1.4336838	0.2050124	0.679	1.0	2357.572847366333
41	8.9408455	0.2656726	9.3073015	8.685816	266.0	1.0585178	2.3224652	8.026901	-0.6412285	42000	-7.659197e-09	0.06941921	0.019107182	-0.061653644	-1.433694	0.081110716	0.339	1.0	2412.1412119865417
42	9.029591	0.3247589	9.57824	8.77024	249.0	1.3280156	2.2412715	7.996347	-0.26654533	43000	-5.812198e-08	0.0149414595	0.023384701	-0.010703414	-1.4337225	0.040409576	0.196	1.0	2467.7157158851624
43	10.030139	1.36051	11.954166	9.059856	329.33334	0.8992471	2.1576772	7.9686737	-0.47113082	44000	-5.3584575e-08	0.3689007	0.19150975	-0.3502155	-1.4337591	0.39321008	0.55	1.0	2516.0681281089783
44	9.151154	0.31827354	9.51192	8.800657	220.5	1.6026253	2.4387567	8.108193	-0.3823172	45000	6.4428896e-08	0.010908507	0.0012496975	-0.0074872766	-1.4338014	0.019665577	0.26	3.0	2580.542753458023
45	9.369921	0.0	9.369921	9.369921	241.0	0.9725421	1.6018934	7.9766507	-0.167005	46000	1.6629697e-08	0.4498925	0.24889065	-0.43395516	-1.4339616	0.6761887	0.617	1.0	2625.0517733097076
46	9.273264	0.45848837	9.990727	8.81466	235.75	1.6713387	2.4314013	8.165294	-0.19506916	47000	2.2366644e-08	0.021330828	-0.00126705	-0.011879195	-1.434018	0.01820291	0.171	7.0	2694.6880695819855
47	12.3734255	0.0	12.3734255	12.3734255	1000.0	0.49883246	1.2524961	8.124376	-0.0737229	48000	2.6941299e-08	0.02719672	-0.0050757052	-0.024321845	-1.4342215	0.015485874	0.149	10.0	2741.19220328331
48	15.9288435	0.0	15.9288435	15.9288435	737.0	0.99507713	1.7847664	8.199912	-2.2396123	49000	1.3136864e-07	0.59233147	0.20871004	-0.57054216	-1.4332049	0.32478887	0.603	2.0	2785.5951302051544
49	11.601725	0.0	11.601725	11.601725	1000.0	1.1243095	1.1500803	8.347547	0.72613657	50000	4.851818e-08	0.27055582	-0.0132206455	-0.25315058	-1.4328517	0.0024105473	0.127	79.0	2836.674129962921
50	38.586193	0.0	38.586193	38.586193	788.0	1.4725813	1.4770925	8.095002	-0.21940047	51000	8.046627e-10	21.633299	0.051037986	-17.525152	-1.423839	0.14515822	0.468	1.0	2882.7196638584137
51	37.245735	0.0	37.245735	37.245735	740.0	3.5791008	2.2097735	8.448307	1.8257033	52000	-7.041544e-08	3.968036	0.13666847	-2.874247	-1.4238514	0.5403139	0.684	1.0	2934.787712097168
52	36.797424	0.0	36.797424	36.797424	744.0	3.7197285	3.308279	12.505612	1.0954264	53000	6.807968e-10	1.1332612	0.16240585	-0.79372513	-1.4238639	0.5022798	0.648	1.0	2992.0478167533875
53	36.630684	0.0	36.630684	36.630684	693.0	3.4172246	3.3209877	14.752906	1.0549853	54000	-4.1782855e-08	0.5136631	0.06454974	-0.3406728	-1.4238971	0.18465668	0.545	1.0	3047.1292073726654
54	16.170713	0.0	16.170713	16.170713	821.0	5.5721574	5.281977	15.986074	1.2539797	55000	-5.567074e-08	51.465897	0.12909162	-51.4455	-1.4239155	0.37551764	0.577	1.0	3096.3387010097504
55	16.167772	0.0	16.167772	16.167772	798.0	1.5214269	1.5706196	8.271659	-0.4844846	56000	1.12801795e-08	0.04981097	0.09158224	-0.028991863	-1.4239305	0.14362593	0.514	1.0	3157.3887391090393
56	16.056015	0.0	16.056015	16.056015	780.0	1.4803176	1.581375	8.333806	-0.37584865	57000	-9.231456e-08	0.028056797	0.058037564	-0.017123953	-1.4239208	0.10405623	0.434	1.0	3205.958927631378
57	12.737322	0.0	12.737322	12.737322	1000.0	1.1224165	1.1367825	8.28929	0.6677375	58000	-5.185604e-08	0.16672225	-0.016656566	-0.14598331	-1.423952	0.0016660551	0.164	79.0	3256.021804332733
58	13.714926	0.0	13.714926	13.714926	669.0	1.3680909	1.5224242	8.096376	0.44773483	59000	5.994737e-08	0.17545405	0.03924719	-0.16367131	-1.4370613	0.14407307	0.517	1.0	3298.1722428798676
59	13.487494	0.0	13.487494	13.487494	651.0	1.380378	1.6623319	8.337534	-0.41691554	60000	-3.647059e-09	0.0061863773	0.039990462	-0.00285095	-1.4371765	0.08607829	0.409	1.0	3341.247476577759
60	13.337407	0.0	13.337407	13.337407	642.0	1.3892277	1.6619025	8.3754635	-0.63355887	61000	4.8846008e-08	0.017462142	0.008097474	-0.007883663	-1.4373014	0.021374691	0.218	1.0	3390.517988920212
61	13.539619	0.0	13.539619	13.539619	650.0	1.3272202	1.6408592	8.287338	-0.671564	62000	9.477138e-09	0.01094016	0.025110813	-0.0080243535	-1.4374596	0.026168099	0.342	1.0	3438.675555229187
62	13.248698	0.0	13.248698	13.248698	660.0	1.4275184	1.633473	8.389878	-0.78070384	63000	6.2525274e-08	0.024168506	0.03200645	-0.022225233	-1.437603	0.07778031	0.505	1.0	3481.586033821106
63	14.742878	0.0	14.742878	14.742878	675.0	1.2875103	1.6866373	8.379938	-0.8347069	64000	-1.1503697e-08	0.05489761	0.06240011	-0.050177716	-1.4377129	0.16487378	0.631	1.0	3528.2686076164246
64	12.144382	3.0216146	15.1659975	9.122768	452.0	1.6655779	1.8942956	8.405124	-0.6004338	65000	-3.33786e-08	0.07580811	0.04909121	-0.06803805	-1.4378381	0.22000664	0.629	1.0	3577.9257345199585
65	15.327561	0.0	15.327561	15.327561	724.0	1.554824	1.5870037	8.377714	-0.5800537	66000	-6.782263e-08	0.022091735	0.07803305	-0.01916915	-1.437946	0.44515064	0.734	1.0	3618.2728085517883
66	15.441857	0.0	15.441857	15.441857	754.0	1.3650249	1.6788592	8.42352	-0.6836408	67000	7.434189e-08	0.041811254	0.16903833	-0.03862005	-1.4380404	0.37961996	0.605	1.0	3665.2939319610596
67	16.323484	0.0	16.323484	16.323484	798.0	1.4007498	1.6045687	8.307383	-0.6535411	68000	9.088218e-08	0.009959283	0.16984545	-0.0078925565	-1.4381126	0.7498474	0.66	1.0	3722.522022485733
68	17.25064	0.0	17.25064	17.25064	843.0	1.4396596	1.5945755	8.382174	-0.4631511	69000	-6.578304e-08	0.018275961	0.17716755	-0.0141967125	-1.4381639	0.81702244	0.714	1.0	3793.993404865265
69	12.653226	0.0	12.653226	12.653226	1000.0	0.58708876	1.2250484	8.297739	0.18829727	70000	9.995699e-08	0.0379426	0.00504816	-0.017794587	-1.4381981	0.021221844	0.331	3.0	3890.299189567566
70	10.736906	0.0	10.736906	10.736906	1000.0	0.7781006	1.1740173	8.244767	0.28357297	71000	-6.9141386e-09	0.09588528	0.011080388	-0.07917282	-1.4382524	0.022034036	0.402	1.0	3968.7087938785553
71	11.547146	0.0	11.547146	11.547146	1000.0	0.48536047	1.227686	8.178112	0.0598647	72000	-8.225441e-09	0.00832402	0.042903204	-0.0063882633	-1.4382422	0.087349646	0.677	1.0	4022.4613180160522
72	9.039502	0.06311703	9.102619	8.976385	237.5	1.5699987	1.9319474	8.334237	0.1770525	73000	1.7225743e-08	0.5983652	0.025544373	-0.5634512	-1.4382421	0.062336188	0.473	1.0	4077.564498901367
73	8.657295	0.082753256	8.72785	8.524451	224.0	1.6227212	2.3756597	8.051228	0.11646241	74000	-2.8371812e-08	0.065657735	0.016407168	-0.05372802	-1.4381808	0.025765346	0.316	1.0	4138.626942873001
74	12.021652	0.0	12.021652	12.021652	1000.0	0.36550355	1.2344768	7.928436	0.0015925169	75000	-7.808208e-08	0.0697233	0.03595787	-0.06344358	-1.4381001	0.07375855	0.62	1.0	4192.445703983307
75	10.78165	0.0	10.78165	10.78165	386.0	0.8955576	1.6784737	8.071095	0.09616971	76000	8.931756e-08	0.027745826	0.03660249	-0.021265328	-1.4379745	0.043534033	0.548	1.0	4247.093592882156
76	14.016154	0.0	14.016154	14.016154	1000.0	0.64252096	1.2301948	8.139758	0.140145	77000	-2.6762486e-08	0.060566355	0.047149755	-0.053515255	-1.4378921	0.0736262	0.666	1.0	4309.116049528122
77	9.933689	0.15932535	10.142726	9.756338	311.33334	1.692648	2.1036558	8.100912	0.44069737	78000	-9.790063e-08	0.07311665	0.029943362	-0.06706212	-1.4378191	0.024774464	0.453	1.0	4377.5580043792725
78	9.432757	0.30860043	9.741358	9.124157	252.5	1.2780132	1.9535096	8.094728	-0.10485643	79000	7.905066e-08	0.02664285	0.020115143	-0.0068883877	-1.4377681	0.03152134	0.321	1.0	4447.3625247478485
79	9.596527	0.01676644	9.620212	9.583703	262.33334	1.5134107	2.1868846	8.11952	0.00918591	80000	4.735589e-08	0.011060235	-0.0018712279	-0.004718289	-1.4377632	0.016808327	0.163	2.0	4530.655537605286
80	9.152347	0.115102254	9.271489	8.966481	231.0	1.7274021	2.3661318	8.056301	-0.10419649	81000	-1.0871887e-07	0.017993743	-0.0071400683	-0.013450921	-1.4378132	0.015281572	0.206	4.0	4604.998249530792
81	9.16765	0.068783514	9.257344	9.072277	236.5	1.5782757	2.3937573	7.954946	-0.19989097	82000	-4.480779e-08	0.0062952377	-0.006287995	-0.0016523423	-1.4379909	0.015200684	0.216	1.0	4675.786556005478
82	9.747857	0.39022964	10.186745	9.238668	294.0	1.387922	2.1764567	7.9455123	-0.17670286	83000	6.0379506e-08	0.015787238	0.0106699765	-0.007419276	-1.4380249	0.05031729	0.463	1.0	4757.524252653122
83	9.77985	0.14304543	9.922895	9.636805	285.0	1.1801736	1.9697688	8.066493	-0.052573264	84000	-9.832531e-08	0.043175675	0.007385492	-0.020104581	-1.4380367	0.028887784	0.251	1.0	4816.469834566116
84	9.282715	0.7080512	10.011652	8.115187	235.0	1.868571	2.303907	8.094004	0.103161395	85000	5.094707e-08	0.2897035	0.005217954	-0.27587992	-1.4380813	0.046111967	0.483	1.0	4888.306226730347
85	8.337677	0.18834828	8.597277	8.156219	181.33333	1.2182726	2.2627172	8.074344	-0.24953103	86000	1.0326505e-08	0.03173317	0.03956266	-0.010830795	-1.4381005	0.056014784	0.547	1.0	4968.259539842606
86	8.230253	0.09954992	8.403454	8.105784	174.6	1.6521757	2.5885615	8.001127	-0.27661407	87000	5.710125e-08	0.025753131	0.055980965	-0.01572518	-1.4381443	0.06648891	0.617	1.0	5058.8346428871155
87	8.1677265	0.08008693	8.265719	8.058903	169.4	1.5561877	2.5868108	7.871335	-0.39399564	88000	-1.7151237e-08	0.007739671	0.06657809	-0.004155057	-1.438125	0.15263315	0.714	1.0	5126.763734340668
88	9.182264	0.7545542	10.113337	8.2652235	233.33333	1.1958423	2.1260889	7.812981	-0.38795525	89000	1.0478497e-07	0.07294885	0.07450114	-0.054565627	-1.4380991	0.14715227	0.695	1.0	5185.700153589249
89	8.788331	0.0	8.788331	8.788331	194.0	0.85250807	1.6281642	8.078333	-0.07829672	90000	1.6033649e-08	0.053023443	0.06436454	-0.036035687	-1.4380456	0.05244269	0.575	1.0	5237.74735045433
90	9.163849	0.8335743	10.4384575	8.118165	236.25	1.6024097	2.329056	8.063187	-0.33190352	91000	2.5823713e-08	0.03877923	0.04506106	-0.01889926	-1.4379967	0.074356355	0.601	1.0	5300.537089347839
91	8.047837	0.06165883	8.118282	7.958843	149.5	1.4475757	2.369546	8.006255	-0.23268443	92000	2.5600196e-08	0.06486424	0.045681495	-0.050903	-1.4379634	0.08128585	0.598	1.0	5362.661580085754
92	8.12485	0.034551185	8.180164	8.06665	147.83333	1.6363394	2.7114837	7.816094	-0.30671632	93000	3.9532782e-08	0.013012139	0.03985111	-0.0039916197	-1.4379205	0.03811929	0.529	1.0	5431.514174461365
93	7.9797764	0.1291439	8.197169	7.808957	151.0	1.6008177	2.7064977	7.753634	-0.4085368	94000	5.438924e-08	0.011031915	0.024296701	-0.0023622122	-1.4378867	0.031506076	0.428	1.0	5498.9380838871
94	8.261301	0.41000208	9.056731	7.918972	161.0	1.5535926	2.430911	7.6987205	-0.43653357	95000	5.990267e-08	0.037506863	0.0129208835	-0.02397607	-1.437826	0.024877574	0.43	1.0	5570.176865339279
95	8.749598	0.93868446	9.911514	7.7885466	193.2	1.5695094	2.5372	7.862853	-0.45572037	96000	-9.059906e-09	0.035388272	0.032339398	-0.019251997	-1.4377837	0.04156826	0.505	1.0	5645.2212870121
96	8.472204	0.9009594	10.2497835	7.7450085	180.8	1.5611452	2.5462432	7.9665475	-0.31439984	97000	-1.9744038e-09	0.033613708	0.051384293	-0.012051119	-1.4377828	0.079823636	0.601	1.0	5718.874451637268
97	8.171634	0.58901745	9.449516	7.73057	161.5	1.7361549	2.6352403	7.814908	-0.2981221	98000	-2.6941299e-08	0.033082373	0.04983916	-0.014240682	-1.4378104	0.07584722	0.577	1.0	5791.218728542328
98	7.9652815	0.099694766	8.075648	7.8135066	146.0	1.5118794	2.4904733	7.7175665	-0.45629287	99000	-7.387996e-08	0.0125534935	0.042130593	-0.002513134	-1.4378483	0.048163146	0.579	1.0	5857.970603227615
99	7.944467	0.0	7.944467	7.944467	132.0	0.63598216	1.6135725	7.708985	-0.164024	100000	3.6358834e-08	0.1286097	0.019275375	-0.11226177	-1.4379038	0.022770295	0.31	1.0	5906.665259599686
100	11.756141	0.0	11.756141	11.756141	1000.0	0.89541477	1.0789591	7.9152784	0.40974873	101000	1.9681454e-07	0.10147373	0.013945043	-0.088919386	-1.4378978	0.036249418	0.448	3.0	5961.196893930435
101	7.682092	0.057877455	7.7638807	7.6384373	117.666664	1.2499167	2.140831	8.156988	-0.21452057	102000	1.0371208e-07	0.0513774	0.026106123	-0.034853674	-1.4379064	0.048092164	0.522	1.0	6022.356460809708
102	7.893544	0.0	7.893544	7.893544	131.0	0.63873756	1.5815743	7.6994743	-0.61249053	103000	-1.3025105e-07	0.0129995085	0.044387914	-0.005407149	-1.4379336	0.06041571	0.578	1.0	6092.768188714981
103	12.993056	0.0	12.993056	12.993056	1000.0	0.34762463	1.1740934	7.7672977	-0.08373779	104000	1.0836124e-07	0.120747216	0.04887082	-0.112610124	-1.4379656	0.08238915	0.628	1.0	6142.778614044189
104	7.9781156	0.0	7.9781156	7.9781156	134.0	0.9521755	1.6066455	8.132208	-0.253304	105000	-1.0752678e-07	0.05010604	0.04349153	-0.04391813	-1.4379859	0.09479488	0.653	1.0	6192.022938489914
105	7.9021964	0.15613791	8.199219	7.7334228	137.85715	1.7791275	2.904102	7.799373	-0.50100553	106000	8.046627e-10	0.039783277	0.05290537	-0.016884536	-1.4380155	0.05722213	0.584	1.0	6280.0395295619965
106	7.915737	0.1617734	8.110443	7.740212	142.5	1.5652168	2.6655025	7.6517696	-0.38380533	107000	1.6884506e-07	0.026955944	0.046700753	-0.010096962	-1.4380546	0.06016935	0.546	1.0	6356.107514858246
107	7.9436607	0.08164621	8.0437975	7.8216834	143.83333	1.554931	2.6943233	7.6784363	-0.43357056	108000	-1.3113022e-09	0.0048948126	0.043322783	-0.0013210967	-1.438101	0.057976793	0.588	1.0	6429.0672035217285
108	8.063401	0.068867065	8.187541	7.979703	151.0	1.5363237	2.6849003	7.65455	-0.45078033	109000	-6.097555e-08	0.009122422	0.051991407	-0.0042153257	-1.4381603	0.08743442	0.609	1.0	6502.1802389621735
109	7.9870396	0.08614073	8.091351	7.8573494	148.5	1.6053979	2.6734667	7.695501	-0.40348512	110000	-7.805228e-08	0.007449288	0.042371567	-0.001524548	-1.4382092	0.059765335	0.56	1.0	6579.7485818862915
110	8.46834	0.75950867	9.982045	7.9807196	178.2	1.487881	2.4998252	7.6874905	-0.47254986	111000	-8.21054e-08	0.015669469	0.04184473	-0.007496572	-1.438235	0.065567136	0.56	1.0	6666.363311052322
111	8.333394	0.29792675	8.903382	8.029981	175.4	1.5290802	2.5417516	7.8337145	-0.4675976	112000	5.51939e-08	0.018811196	0.045519084	-0.012567045	-1.4382511	0.07791901	0.607	1.0	6735.434677124023
112	9.222462	0.0	9.222462	9.222462	223.0	0.52316004	1.705789	7.882822	-0.34078693	113000	5.173683e-08	0.18634804	0.026515415	-0.16581157	-1.4382592	0.022811815	0.415	1.0	6786.649299860001
113	9.012492	0.8189582	10.180936	8.181838	236.0	1.5786893	2.414098	8.065405	-0.33599204	114000	-6.92904e-08	0.02296548	-3.2678785e-05	-0.012196449	-1.4382577	0.02433173	0.298	2.0	6867.162194490433
114	9.935928	0.0	9.935928	9.935928	322.0	0.84877646	1.6249641	7.9150476	0.0032160878	115000	-6.28233e-08	0.0701949	-0.011359003	-0.046630986	-1.4383925	0.007745985	0.082	79.0	6942.148650884628
115	13.72996	0.0	13.72996	13.72996	1000.0	0.87826365	1.1379452	8.1110935	0.44709033	116000	-2.0377337e-08	0.024094315	-0.0051757516	-0.017914858	-1.4385749	0.015190339	0.1	1.0	6997.125911235809
116	9.900364	0.0	9.900364	9.900364	293.0	1.064295	1.6304517	8.237935	0.26602042	117000	-9.3191865e-08	0.03639745	-0.00077995425	-0.027678609	-1.4385442	0.029063975	0.309	3.0	7051.18983912468
117	9.31245	0.06721012	9.39294	9.233335	236.0	1.6617725	2.3663027	8.116183	0.11845577	118000	-5.2794814e-08	0.020400908	-0.0020295714	-0.015489337	-1.4383202	0.019866336	0.261	1.0	7123.930301904678
118	9.63346	0.0	9.63346	9.63346	255.0	0.76855445	1.6501876	8.016695	-0.13930315	119000	-1.3935566e-07	0.054167703	-0.0062825456	-0.046659827	-1.4382619	0.015794791	0.101	17.0	7206.129623413086
119	9.263748	0.19446436	9.467713	9.0140705	229.0	1.763593	2.3326092	8.1523695	0.083976686	120000	-6.5386295e-08	0.034886446	6.4963103e-07	-0.029605553	-1.4359537	0.022014935	0.382	2.0	7270.992143154144
